1883179791471419392
1883393636093730816
1883395534888706048
1883519878319120384
1883519886669979648
1883519894488162304
1883519948162670592
1883519948204613632
1883519974414819328
1883519974473539584
1883520053569724416
1883520053607473152
1883520053645221888
1883520053687164928
1883520053729107968
1883520053766856704
1883520053825576960
1883520053863325696
1883520053901074432
1883520053943017472
1883520053980766208
1883520054026903552
1883520054064652288
1883520054098206720
1883520054135955456
1883520054173704192
1883520054211452928
1883520054249201664
1883520054286950400
1883520054328893440
1883520054366642176
1883520054416973824
1883520054454722560
1883520054488276992
1883520054530220032
1883520054567968768
1883520054614106112
1883520054651854848
1883520054689603584
1883520054727352320
1883520054769295360
1883520054807044096
1883520054848987136
1883520054886735872
1883520054920290304
1883520054958039040
1883520054995787776
1883520055033536512
1883520055071285248
1883520055109033984
1883520055146782720
1883520055184531456
1883520055218085888
1883520055264223232
1883520055301971968
1883520055339720704
1883520055377469440
1883520055411023872
1883520055452966912
1883520055490715648
1883520095709896704
1883520095802171392
1883520095969943552
1883520096041246720
1883520096175464448
1883520096246767616
1883520096309682176
1883520096376791040
1883520096435511296
1883520096506814464
1883520096573923328
1883520096645226496
1883520096758472704
1883520096842358784
1883520096909467648
1883520096980770816
1883520097043685376
1883520097135960064
1883520097236623360
1883520097320509440
1883520097429561344
1883520097521836032
1883520097635082240
1883520097735745536
1883520097807048704
1883520097878351872
1883520097941266432
1883520097999986688
1883520098058706944
1883520098125815808
1883520098268422144
1883520098339725312
1883520098415222784
1883520098490720256
1883520098570412032
1883520098692046848
1883520098767544320
1883520098876596224
1883520098952093696
1883520099044368384
